beta0 =  2.2280877264906795 beta1 = 1.913507949642936
beta0r =  2.221962304520507 beta1r = 1.7905436922162856
------------------------------------------------------------
beta0 =  2.370944869347822 beta1 = 0.48493652107150725
beta0r =  2.2816470942610496 beta1r = 1.1936957948108573